Optimization:145.84661293029785,4,36.46165323257446
Optimization:31.217917919158936,1,31.217917919158936
Test:1.4792479103172536,0.0
