# DiffAI
res_safe_upper_list: [82.5, 82.65, 82.80000000000001, 82.95000000000002]
avg_verification_probability_list: [0.2654438416163127, 0.2194524606068929, 0.6875465710957845, 0.04621689518292745]
safe_percentage_probability_list: [0.0, 0.0, 0.0, 1.0]
# DiffAI-Kernel
res_safe_upper_list: [82.5, 82.65, 82.80000000000001, 82.95000000000002]
avg_verification_probability_list: [0.2654438416163127, 0.2194524606068929, 0.21749194463094076, 0.04621689518292745]
safe_percentage_probability_list: [0.0, 0.0, 0.0, 1.0]
# DSE
res_safe_upper_list: [82.5, 82.65, 82.80000000000001, 82.95000000000002]
avg_verification_probability_list: [0.2654438416163127, 0.18218284845352173, 0.19800265630086264, 0.04975836972395579]
safe_percentage_probability_list: [0.0, 0.0, 0.0, 1.0]
# SPS
res_safe_upper_list: [82.5, 82.65, 82.80000000000001, 82.95000000000002]
avg_verification_probability_list: [0.2654438416163127, 0.24325170119603476, 0.6870778699715933, 0.04303346077601115]
safe_percentage_probability_list: [0.0, 0.0, 0.0, 0.6666666666666666]
