# DiffAI
res_safe_upper_list: [82.81, 82.85600000000001, 82.90200000000002, 82.94800000000002, 82.99400000000003]
avg_verification_probability_list: [0.6866794427235922, 0.13398570815722147, 0.10657220085461934, 0.04806444545586904, 0.0]
safe_percentage_probability_list: [0.0, 0.0, 0.0, 1.0, 0.6666666666666666]
# DiffAI-Kernel
res_safe_upper_list: [82.81, 82.85600000000001, 82.90200000000002, 82.94800000000002, 82.99400000000003]
avg_verification_probability_list: [0.1823111375172933, 0.13398570815722147, 0.10657220085461934, 0.04806444545586904, 0.0]
safe_percentage_probability_list: [0.0, 0.0, 0.0, 0.6666666666666666, 0.6666666666666666]
# DSE
res_safe_upper_list: [82.81, 82.85600000000001, 82.90200000000002, 82.94800000000002, 82.99400000000003]
avg_verification_probability_list: [0.1823111375172933, 0.11118915677070618, 0.04851117233435313, 0.0517474909623464, 0.0]
safe_percentage_probability_list: [0.0, 0.0, 0.3333333333333333, 1.0, 0.6666666666666666]
# SPS
res_safe_upper_list: [82.81, 82.85600000000001, 82.90200000000002, 82.94800000000002, 82.99400000000003]
avg_verification_probability_list: [0.6866794427235922, 0.15316717823346457, 0.08813555041948955, 0.5939326907197634, 0.0]
safe_percentage_probability_list: [0.0, 0.0, 0.0, 0.3333333333333333, 1.0]
