Optimization:1123.814756155014,7,160.544965165002
Optimization:589.988511800766,4,147.4971279501915
Test:1.2785907291709517,0.0
Test:1.4211524837533478,0.0
