####--PATH_SAMPLE_SIZE: 500DATA_USED_FOR_SAMPLING_PATH:100
Optimization:125.36337685585022,1,125.36337685585022
Test:2.329013456066178,0.0
Test:2.380420197310824,0.0
Optimization:124.65004801750183,1,124.65004801750183
Test:2.329013456066178,0.0
Test:2.380420197310824,0.0
Optimization:124.74469876289368,1,124.74469876289368
Test:2.329013456066178,0.0
